V1	I(D1)
-1.000000000000000e+01	9.811862e-03
-9.900000000000000e+00	9.712351e-03
-9.800000000000001e+00	9.612849e-03
-9.699999999999999e+00	9.513347e-03
-9.600000000000000e+00	9.413850e-03
-9.500000000000000e+00	9.314358e-03
-9.400000000000000e+00	9.214870e-03
-9.300000000000001e+00	9.115386e-03
-9.199999999999999e+00	9.015907e-03
-9.100000000000000e+00	8.916432e-03
-9.000000000000000e+00	8.816961e-03
-8.900000000000000e+00	8.717496e-03
-8.800000000000001e+00	8.618036e-03
-8.699999999999999e+00	8.518580e-03
-8.600000000000000e+00	8.419130e-03
-8.500000000000000e+00	8.319685e-03
-8.400000000000000e+00	8.220245e-03
-8.300000000000001e+00	8.120812e-03
-8.199999999999999e+00	8.021383e-03
-8.100000000000000e+00	7.921960e-03
-8.000000000000000e+00	7.822543e-03
-7.900000000000000e+00	7.723133e-03
-7.800000000000000e+00	7.623728e-03
-7.699999999999999e+00	7.524330e-03
-7.600000000000000e+00	7.424939e-03
-7.500000000000000e+00	7.325554e-03
-7.400000000000000e+00	7.226176e-03
-7.300000000000000e+00	7.126805e-03
-7.199999999999999e+00	7.027442e-03
-7.100000000000000e+00	6.928086e-03
-7.000000000000000e+00	6.828737e-03
-6.900000000000000e+00	6.729397e-03
-6.800000000000000e+00	6.630065e-03
-6.699999999999999e+00	6.530741e-03
-6.600000000000000e+00	6.431426e-03
-6.500000000000000e+00	6.332119e-03
-6.400000000000000e+00	6.232823e-03
-6.300000000000000e+00	6.133535e-03
-6.199999999999999e+00	6.034257e-03
-6.100000000000000e+00	5.934990e-03
-6.000000000000000e+00	5.835732e-03
-5.899999999999999e+00	5.736486e-03
-5.800000000000000e+00	5.637250e-03
-5.700000000000000e+00	5.538026e-03
-5.600000000000000e+00	5.438814e-03
-5.500000000000000e+00	5.339615e-03
-5.399999999999999e+00	5.240428e-03
-5.300000000000000e+00	5.141254e-03
-5.199999999999999e+00	5.042094e-03
-5.100000000000000e+00	4.942949e-03
-5.000000000000000e+00	4.843818e-03
-4.899999999999999e+00	4.744703e-03
-4.800000000000000e+00	4.645604e-03
-4.699999999999999e+00	4.546522e-03
-4.600000000000000e+00	4.447457e-03
-4.500000000000000e+00	4.348410e-03
-4.399999999999999e+00	4.249383e-03
-4.300000000000000e+00	4.150375e-03
-4.199999999999999e+00	4.051388e-03
-4.100000000000000e+00	3.952424e-03
-4.000000000000000e+00	3.853481e-03
-3.899999999999999e+00	3.754563e-03
-3.800000000000000e+00	3.655671e-03
-3.699999999999999e+00	3.556804e-03
-3.600000000000000e+00	3.457966e-03
-3.500000000000000e+00	3.359158e-03
-3.399999999999999e+00	3.260381e-03
-3.300000000000000e+00	3.161636e-03
-3.199999999999999e+00	3.062927e-03
-3.100000000000000e+00	2.964256e-03
-3.000000000000000e+00	2.865624e-03
-2.899999999999999e+00	2.767034e-03
-2.800000000000000e+00	2.668490e-03
-2.699999999999999e+00	2.569993e-03
-2.600000000000000e+00	2.471549e-03
-2.500000000000000e+00	2.373161e-03
-2.399999999999999e+00	2.274834e-03
-2.300000000000000e+00	2.176571e-03
-2.199999999999999e+00	2.078380e-03
-2.100000000000000e+00	1.980266e-03
-2.000000000000000e+00	1.882237e-03
-1.900000000000000e+00	1.784301e-03
-1.799999999999999e+00	1.686467e-03
-1.699999999999999e+00	1.588747e-03
-1.600000000000000e+00	1.491154e-03
-1.500000000000000e+00	1.393704e-03
-1.400000000000000e+00	1.296414e-03
-1.299999999999999e+00	1.199308e-03
-1.199999999999999e+00	1.102411e-03
-1.100000000000000e+00	1.005759e-03
-1.000000000000000e+00	9.093924e-04
-9.000000000000004e-01	8.133665e-04
-7.999999999999989e-01	7.177516e-04
-6.999999999999993e-01	6.226426e-04
-5.999999999999996e-01	5.281707e-04
-5.000000000000000e-01	4.345241e-04
-3.999999999999986e-01	3.419848e-04
-2.999999999999989e-01	2.510020e-04
-1.999999999999993e-01	1.624084e-04
-9.999999999999964e-02	7.763138e-05
0.000000000000000e+00	0.000000e+00
1.000000000000014e-01	-6.221313e-05
2.000000000000011e-01	-9.356405e-05
3.000000000000007e-01	-9.942990e-05
4.000000000000004e-01	-9.995656e-05
5.000000000000000e-01	-9.999667e-05
6.000000000000014e-01	-9.999975e-05
7.000000000000011e-01	-9.999998e-05
8.000000000000007e-01	-1.000000e-04
9.000000000000004e-01	-1.000000e-04
1.000000000000000e+00	-1.000000e-04
1.100000000000001e+00	-1.000000e-04
1.200000000000001e+00	-1.000000e-04
1.300000000000001e+00	-1.000000e-04
1.400000000000000e+00	-1.000000e-04
1.500000000000000e+00	-1.000000e-04
1.600000000000001e+00	-1.000000e-04
1.700000000000001e+00	-1.000000e-04
1.800000000000001e+00	-1.000000e-04
1.900000000000000e+00	-1.000000e-04
2.000000000000000e+00	-1.000000e-04
2.100000000000001e+00	-1.000000e-04
2.200000000000001e+00	-1.000000e-04
2.300000000000001e+00	-1.000000e-04
2.400000000000000e+00	-1.000000e-04
2.500000000000000e+00	-1.000000e-04
2.600000000000001e+00	-1.000000e-04
2.700000000000001e+00	-1.000000e-04
2.800000000000001e+00	-1.000000e-04
2.900000000000000e+00	-1.000000e-04
3.000000000000000e+00	-1.000000e-04
3.100000000000001e+00	-1.000000e-04
3.200000000000001e+00	-1.000000e-04
3.300000000000001e+00	-1.000000e-04
3.400000000000000e+00	-1.000000e-04
3.500000000000000e+00	-1.000000e-04
3.600000000000001e+00	-1.000000e-04
3.700000000000001e+00	-1.000000e-04
3.800000000000001e+00	-1.000000e-04
3.900000000000000e+00	-1.000000e-04
4.000000000000000e+00	-1.000000e-04
4.100000000000001e+00	-1.000000e-04
4.200000000000001e+00	-1.000000e-04
4.300000000000001e+00	-1.000000e-04
4.400000000000000e+00	-1.000000e-04
4.500000000000000e+00	-1.000000e-04
4.600000000000001e+00	-1.000000e-04
4.700000000000001e+00	-1.000000e-04
4.800000000000001e+00	-1.000000e-04
4.900000000000000e+00	-1.000000e-04
5.000000000000000e+00	-1.000000e-04
5.100000000000001e+00	-1.000000e-04
5.200000000000001e+00	-1.000000e-04
5.300000000000001e+00	-1.000000e-04
5.400000000000000e+00	-1.000000e-04
5.500000000000000e+00	-1.000000e-04
5.600000000000001e+00	-1.000000e-04
5.700000000000001e+00	-1.000000e-04
5.800000000000001e+00	-1.000000e-04
5.900000000000000e+00	-1.000000e-04
6.000000000000000e+00	-1.000000e-04
6.100000000000001e+00	-1.000000e-04
6.199999999999999e+00	-1.000000e-04
6.300000000000001e+00	-1.000000e-04
6.400000000000002e+00	-1.000000e-04
6.500000000000000e+00	-1.000000e-04
6.600000000000001e+00	-1.000000e-04
6.699999999999999e+00	-1.000000e-04
6.800000000000001e+00	-1.000000e-04
6.900000000000002e+00	-1.000000e-04
7.000000000000000e+00	-1.000000e-04
7.100000000000001e+00	-1.000000e-04
7.199999999999999e+00	-1.000000e-04
7.300000000000001e+00	-1.000000e-04
7.400000000000002e+00	-1.000000e-04
7.500000000000000e+00	-1.000000e-04
7.600000000000001e+00	-1.000000e-04
7.699999999999999e+00	-1.000000e-04
7.800000000000001e+00	-1.000000e-04
7.900000000000002e+00	-1.000000e-04
8.000000000000000e+00	-1.000000e-04
8.100000000000001e+00	-1.000000e-04
8.199999999999999e+00	-1.000000e-04
8.300000000000001e+00	-1.000000e-04
8.400000000000002e+00	-1.000000e-04
8.500000000000000e+00	-1.000000e-04
8.600000000000001e+00	-1.000000e-04
8.699999999999999e+00	-1.000000e-04
8.800000000000001e+00	-1.000000e-04
8.900000000000002e+00	-1.000000e-04
9.000000000000000e+00	-1.000000e-04
9.100000000000001e+00	-1.000000e-04
9.200000000000003e+00	-1.000000e-04
9.300000000000001e+00	-1.000000e-04
9.400000000000002e+00	-1.000000e-04
9.500000000000000e+00	-1.000000e-04
9.600000000000001e+00	-1.000000e-04
9.700000000000003e+00	-1.000000e-04
9.800000000000001e+00	-1.000000e-04
9.900000000000002e+00	-1.000000e-04
1.000000000000000e+01	-1.000000e-04
1.010000000000000e+01	-1.000000e-04
1.020000000000000e+01	-1.000000e-04
1.030000000000000e+01	-1.000000e-04
1.040000000000000e+01	-1.000000e-04
1.050000000000000e+01	-1.000000e-04
1.060000000000000e+01	-1.000000e-04
1.070000000000000e+01	-1.000000e-04
1.080000000000000e+01	-1.000000e-04
1.090000000000000e+01	-1.000000e-04
1.100000000000000e+01	-1.000000e-04
1.110000000000000e+01	-1.000000e-04
1.120000000000000e+01	-1.000000e-04
1.130000000000000e+01	-1.000000e-04
1.140000000000000e+01	-1.000000e-04
1.150000000000000e+01	-1.000000e-04
1.160000000000000e+01	-1.000000e-04
1.170000000000000e+01	-1.000000e-04
1.180000000000000e+01	-1.000000e-04
1.190000000000000e+01	-1.000000e-04
1.200000000000000e+01	-1.000000e-04
1.210000000000000e+01	-1.000000e-04
1.220000000000000e+01	-1.000000e-04
1.230000000000000e+01	-1.000000e-04
1.240000000000000e+01	-1.000000e-04
1.250000000000000e+01	-1.000000e-04
1.260000000000000e+01	-1.000000e-04
1.270000000000000e+01	-1.000000e-04
1.280000000000000e+01	-1.000000e-04
1.290000000000000e+01	-1.000000e-04
1.300000000000000e+01	-1.000000e-04
1.310000000000000e+01	-1.000000e-04
1.320000000000000e+01	-1.000000e-04
1.330000000000000e+01	-1.000000e-04
1.340000000000000e+01	-1.000000e-04
1.350000000000000e+01	-1.000000e-04
1.360000000000000e+01	-1.000000e-04
1.370000000000000e+01	-1.000000e-04
1.380000000000000e+01	-1.000000e-04
1.390000000000000e+01	-1.000000e-04
1.400000000000000e+01	-1.000000e-04
1.410000000000000e+01	-1.000000e-04
1.420000000000000e+01	-1.000000e-04
1.430000000000000e+01	-1.000000e-04
1.440000000000000e+01	-1.000000e-04
1.450000000000000e+01	-1.000000e-04
1.460000000000000e+01	-1.000000e-04
1.470000000000000e+01	-1.000000e-04
1.480000000000000e+01	-1.000000e-04
1.490000000000000e+01	-1.000000e-04
1.500000000000000e+01	-1.000000e-04
1.510000000000000e+01	-1.000000e-04
1.520000000000000e+01	-1.000000e-04
1.530000000000000e+01	-1.000000e-04
1.540000000000000e+01	-1.000000e-04
1.550000000000000e+01	-1.000000e-04
1.560000000000000e+01	-1.000000e-04
1.570000000000000e+01	-1.000000e-04
1.580000000000000e+01	-1.000000e-04
1.590000000000000e+01	-1.000000e-04
1.600000000000000e+01	-1.000000e-04
1.610000000000000e+01	-1.000000e-04
1.620000000000000e+01	-1.000000e-04
1.630000000000000e+01	-1.000000e-04
1.640000000000000e+01	-1.000000e-04
1.650000000000000e+01	-1.000000e-04
1.660000000000000e+01	-1.000000e-04
1.670000000000000e+01	-1.000000e-04
1.680000000000000e+01	-1.000000e-04
1.690000000000000e+01	-1.000000e-04
1.700000000000000e+01	-1.000000e-04
1.710000000000000e+01	-1.000000e-04
1.720000000000000e+01	-1.000000e-04
1.730000000000000e+01	-1.000000e-04
1.740000000000000e+01	-1.000000e-04
1.750000000000000e+01	-1.000000e-04
1.760000000000000e+01	-1.000000e-04
1.770000000000000e+01	-1.000000e-04
1.780000000000000e+01	-1.000000e-04
1.790000000000000e+01	-1.000000e-04
1.800000000000000e+01	-1.000000e-04
1.810000000000000e+01	-1.000000e-04
1.820000000000000e+01	-1.000000e-04
1.830000000000000e+01	-1.000000e-04
1.840000000000000e+01	-1.000000e-04
1.850000000000000e+01	-1.000000e-04
1.860000000000000e+01	-1.000000e-04
1.870000000000000e+01	-1.000000e-04
1.880000000000000e+01	-1.000000e-04
1.890000000000000e+01	-1.000000e-04
1.900000000000000e+01	-1.000000e-04
1.910000000000000e+01	-1.000000e-04
1.920000000000000e+01	-1.000000e-04
1.930000000000000e+01	-1.000000e-04
1.940000000000000e+01	-1.000000e-04
1.950000000000000e+01	-1.000000e-04
1.960000000000000e+01	-1.000000e-04
1.970000000000000e+01	-1.000000e-04
1.980000000000000e+01	-1.000000e-04
1.990000000000000e+01	-1.000000e-04
2.000000000000000e+01	-1.000000e-04
2.010000000000000e+01	-1.000000e-04
2.020000000000000e+01	-1.000000e-04
2.030000000000000e+01	-1.000000e-04
2.040000000000000e+01	-1.000000e-04
2.050000000000000e+01	-1.000000e-04
2.060000000000000e+01	-1.000000e-04
2.070000000000000e+01	-1.000000e-04
2.080000000000000e+01	-1.000000e-04
2.090000000000000e+01	-1.000000e-04
2.100000000000000e+01	-1.000000e-04
2.110000000000000e+01	-1.000000e-04
2.120000000000000e+01	-1.000000e-04
2.130000000000000e+01	-1.000000e-04
2.140000000000000e+01	-1.000000e-04
2.150000000000000e+01	-1.000000e-04
2.160000000000000e+01	-1.000000e-04
2.170000000000000e+01	-1.000000e-04
2.180000000000000e+01	-1.000000e-04
2.190000000000000e+01	-1.000000e-04
2.200000000000000e+01	-1.000000e-04
2.210000000000000e+01	-1.000000e-04
2.220000000000000e+01	-1.000000e-04
2.230000000000000e+01	-1.000000e-04
2.240000000000000e+01	-1.000000e-04
2.250000000000000e+01	-1.000000e-04
2.260000000000000e+01	-1.000000e-04
2.270000000000000e+01	-1.000000e-04
2.280000000000000e+01	-1.000000e-04
2.290000000000000e+01	-1.000000e-04
2.300000000000000e+01	-1.000000e-04
2.310000000000000e+01	-1.000000e-04
2.320000000000000e+01	-1.000000e-04
2.330000000000000e+01	-1.000000e-04
2.340000000000000e+01	-1.000000e-04
2.350000000000000e+01	-1.000000e-04
2.360000000000000e+01	-1.000000e-04
2.370000000000000e+01	-1.000000e-04
2.380000000000000e+01	-1.000000e-04
2.390000000000000e+01	-1.000000e-04
2.400000000000000e+01	-1.000000e-04
2.410000000000000e+01	-1.000000e-04
2.420000000000000e+01	-1.000000e-04
2.430000000000000e+01	-1.000000e-04
2.440000000000000e+01	-1.000000e-04
2.450000000000000e+01	-1.000000e-04
2.460000000000000e+01	-1.000000e-04
2.470000000000000e+01	-1.000000e-04
2.480000000000000e+01	-1.000000e-04
2.490000000000000e+01	-1.000000e-04
2.500000000000000e+01	-1.000000e-04
2.510000000000000e+01	-1.000000e-04
2.520000000000000e+01	-1.000000e-04
2.530000000000000e+01	-1.000000e-04
2.540000000000000e+01	-1.000000e-04
2.550000000000000e+01	-1.000000e-04
2.560000000000000e+01	-1.000000e-04
2.570000000000000e+01	-1.000000e-04
2.580000000000000e+01	-1.000000e-04
2.590000000000000e+01	-1.000000e-04
2.600000000000000e+01	-1.000000e-04
2.610000000000000e+01	-1.000000e-04
2.620000000000000e+01	-1.000000e-04
2.630000000000000e+01	-1.000000e-04
2.640000000000000e+01	-1.000000e-04
2.650000000000000e+01	-1.000000e-04
2.660000000000000e+01	-1.000000e-04
2.670000000000000e+01	-1.000000e-04
2.680000000000000e+01	-1.000000e-04
2.690000000000000e+01	-1.000000e-04
2.700000000000000e+01	-1.000000e-04
2.710000000000000e+01	-1.000000e-04
2.720000000000000e+01	-1.000000e-04
2.730000000000000e+01	-1.000000e-04
2.740000000000000e+01	-1.000000e-04
2.750000000000000e+01	-1.000000e-04
2.760000000000000e+01	-1.000000e-04
2.770000000000000e+01	-1.000000e-04
2.780000000000000e+01	-1.000000e-04
2.790000000000000e+01	-1.000000e-04
2.800000000000000e+01	-1.000000e-04
2.810000000000000e+01	-1.000000e-04
2.820000000000000e+01	-1.000000e-04
2.830000000000000e+01	-1.000000e-04
2.840000000000001e+01	-1.000000e-04
2.850000000000000e+01	-1.000000e-04
2.860000000000000e+01	-1.000000e-04
2.870000000000000e+01	-1.000000e-04
2.880000000000000e+01	-1.000000e-04
2.890000000000001e+01	-1.000000e-04
2.900000000000000e+01	-1.000000e-04
2.910000000000000e+01	-1.000000e-04
2.920000000000000e+01	-1.000000e-04
2.930000000000000e+01	-1.000000e-04
2.940000000000001e+01	-1.000000e-04
2.950000000000000e+01	-1.000000e-04
2.960000000000000e+01	-1.000000e-04
2.970000000000000e+01	-1.000000e-04
2.980000000000000e+01	-1.000000e-04
2.990000000000001e+01	-1.000000e-04
3.000000000000000e+01	-1.000000e-04
3.010000000000000e+01	-1.000000e-04
3.020000000000000e+01	-1.000000e-04
3.030000000000000e+01	-1.000000e-04
3.040000000000001e+01	-1.000000e-04
3.050000000000000e+01	-1.000000e-04
3.060000000000000e+01	-1.000000e-04
3.070000000000000e+01	-1.000000e-04
3.080000000000000e+01	-1.000000e-04
3.090000000000001e+01	-1.000000e-04
3.100000000000000e+01	-1.000000e-04
3.110000000000000e+01	-1.000000e-04
3.120000000000000e+01	-1.000000e-04
3.130000000000000e+01	-1.000000e-04
3.140000000000001e+01	-1.000000e-04
3.150000000000000e+01	-1.000000e-04
3.160000000000000e+01	-1.000000e-04
3.170000000000000e+01	-1.000000e-04
3.180000000000000e+01	-1.000000e-04
3.190000000000001e+01	-1.000000e-04
3.200000000000000e+01	-1.000000e-04
3.210000000000000e+01	-1.000000e-04
3.220000000000000e+01	-1.000000e-04
3.230000000000000e+01	-1.000000e-04
3.240000000000001e+01	-1.000000e-04
3.250000000000000e+01	-1.000000e-04
3.260000000000000e+01	-1.000000e-04
3.270000000000000e+01	-1.000000e-04
3.280000000000000e+01	-1.000000e-04
3.290000000000001e+01	-1.000000e-04
3.300000000000000e+01	-1.000000e-04
3.310000000000000e+01	-1.000000e-04
3.320000000000000e+01	-1.000000e-04
3.330000000000000e+01	-1.000000e-04
3.340000000000001e+01	-1.000000e-04
3.350000000000000e+01	-1.000000e-04
3.360000000000000e+01	-1.000000e-04
3.370000000000000e+01	-1.000000e-04
3.380000000000000e+01	-1.000000e-04
3.390000000000001e+01	-1.000000e-04
3.400000000000000e+01	-1.000000e-04
3.410000000000000e+01	-1.000000e-04
3.420000000000000e+01	-1.000000e-04
3.430000000000000e+01	-1.000000e-04
3.440000000000001e+01	-1.000000e-04
3.450000000000000e+01	-1.000000e-04
3.460000000000000e+01	-1.000000e-04
3.470000000000000e+01	-1.000000e-04
3.480000000000000e+01	-1.000000e-04
3.490000000000001e+01	-1.000000e-04
3.500000000000000e+01	-1.000000e-04
3.510000000000000e+01	-1.000000e-04
3.520000000000000e+01	-1.000000e-04
3.530000000000000e+01	-1.000000e-04
3.540000000000001e+01	-1.000000e-04
3.550000000000000e+01	-1.000000e-04
3.560000000000000e+01	-1.000000e-04
3.570000000000000e+01	-1.000000e-04
3.580000000000000e+01	-1.000000e-04
3.590000000000001e+01	-1.000000e-04
3.600000000000000e+01	-1.000000e-04
3.610000000000000e+01	-1.000000e-04
3.620000000000000e+01	-1.000000e-04
3.630000000000000e+01	-1.000000e-04
3.640000000000001e+01	-1.000000e-04
3.650000000000000e+01	-1.000000e-04
3.660000000000000e+01	-1.000000e-04
3.670000000000000e+01	-1.000000e-04
3.680000000000000e+01	-1.000000e-04
3.690000000000001e+01	-1.000000e-04
3.700000000000000e+01	-1.000000e-04
3.710000000000000e+01	-1.000000e-04
3.720000000000000e+01	-1.000000e-04
3.730000000000000e+01	-1.000000e-04
3.740000000000001e+01	-1.000000e-04
3.750000000000000e+01	-1.000000e-04
3.760000000000000e+01	-1.000000e-04
3.770000000000000e+01	-1.000000e-04
3.780000000000000e+01	-1.000000e-04
3.790000000000001e+01	-1.000000e-04
3.800000000000000e+01	-1.000000e-04
3.810000000000000e+01	-1.000000e-04
3.820000000000000e+01	-1.000000e-04
3.830000000000000e+01	-1.000000e-04
3.840000000000001e+01	-1.000000e-04
3.850000000000000e+01	-1.000000e-04
3.860000000000000e+01	-1.000000e-04
3.870000000000000e+01	-1.000000e-04
3.880000000000000e+01	-1.000000e-04
3.890000000000001e+01	-1.000000e-04
3.900000000000000e+01	-1.000000e-04
3.910000000000000e+01	-1.000000e-04
3.920000000000000e+01	-1.000000e-04
3.930000000000000e+01	-1.000000e-04
3.940000000000001e+01	-1.000000e-04
3.950000000000000e+01	-1.000000e-04
3.960000000000000e+01	-1.000000e-04
3.970000000000000e+01	-1.000000e-04
3.980000000000000e+01	-1.000000e-04
3.990000000000001e+01	-1.000000e-04
4.000000000000000e+01	-1.000000e-04
4.010000000000000e+01	-1.000001e-04
4.020000000000000e+01	-1.000048e-04
4.030000000000000e+01	-1.002253e-04
4.040000000000001e+01	-1.079719e-04
4.050000000000000e+01	-1.570297e-04
4.060000000000000e+01	-2.346727e-04
4.070000000000000e+01	-3.217090e-04
4.080000000000000e+01	-4.124806e-04
4.090000000000001e+01	-5.057942e-04
4.100000000000000e+01	-6.003818e-04
4.110000000000000e+01	-6.957916e-04
4.120000000000000e+01	-7.918353e-04
4.130000000000000e+01	-8.883638e-04
4.140000000000001e+01	-9.852701e-04
4.150000000000000e+01	-1.082479e-03
4.160000000000000e+01	-1.179936e-03
4.170000000000000e+01	-1.277599e-03
4.180000000000000e+01	-1.375437e-03
4.190000000000001e+01	-1.473425e-03
4.200000000000000e+01	-1.571542e-03
4.210000000000000e+01	-1.669773e-03
4.220000000000000e+01	-1.768103e-03
4.230000000000000e+01	-1.866522e-03
4.240000000000001e+01	-1.965020e-03
4.250000000000000e+01	-2.063590e-03
4.260000000000000e+01	-2.162223e-03
4.270000000000000e+01	-2.260915e-03
4.280000000000000e+01	-2.359661e-03
4.290000000000001e+01	-2.458456e-03
4.300000000000000e+01	-2.557295e-03
4.310000000000000e+01	-2.656176e-03
4.320000000000000e+01	-2.755095e-03
4.330000000000000e+01	-2.854049e-03
4.340000000000001e+01	-2.953037e-03
4.350000000000000e+01	-3.052055e-03
4.360000000000000e+01	-3.151103e-03
4.370000000000000e+01	-3.250177e-03
4.380000000000000e+01	-3.349277e-03
4.390000000000001e+01	-3.448400e-03
4.400000000000000e+01	-3.547546e-03
4.410000000000000e+01	-3.646714e-03
4.420000000000000e+01	-3.745901e-03
4.430000000000000e+01	-3.845108e-03
4.440000000000001e+01	-3.944332e-03
4.450000000000000e+01	-4.043574e-03
4.460000000000000e+01	-4.142832e-03
4.470000000000000e+01	-4.242105e-03
4.480000000000000e+01	-4.341393e-03
4.490000000000001e+01	-4.440695e-03
4.500000000000000e+01	-4.540010e-03
4.510000000000000e+01	-4.639339e-03
4.520000000000000e+01	-4.738680e-03
4.530000000000000e+01	-4.838032e-03
4.540000000000001e+01	-4.937396e-03
4.550000000000000e+01	-5.036770e-03
4.560000000000000e+01	-5.136156e-03
4.570000000000000e+01	-5.235551e-03
4.580000000000000e+01	-5.334956e-03
4.590000000000001e+01	-5.434370e-03
4.600000000000000e+01	-5.533793e-03
4.610000000000000e+01	-5.633224e-03
4.620000000000000e+01	-5.732664e-03
4.630000000000000e+01	-5.832112e-03
4.640000000000001e+01	-5.931567e-03
4.650000000000000e+01	-6.031030e-03
4.660000000000000e+01	-6.130501e-03
4.670000000000000e+01	-6.229978e-03
4.680000000000000e+01	-6.329462e-03
4.690000000000001e+01	-6.428953e-03
4.700000000000000e+01	-6.528450e-03
4.710000000000000e+01	-6.627953e-03
4.720000000000000e+01	-6.727462e-03
4.730000000000000e+01	-6.826977e-03
4.740000000000001e+01	-6.926498e-03
4.750000000000000e+01	-7.026024e-03
4.760000000000000e+01	-7.125556e-03
4.770000000000000e+01	-7.225092e-03
4.780000000000000e+01	-7.324634e-03
4.790000000000001e+01	-7.424180e-03
4.800000000000000e+01	-7.523731e-03
4.810000000000000e+01	-7.623287e-03
4.820000000000000e+01	-7.722848e-03
4.830000000000000e+01	-7.822413e-03
4.840000000000001e+01	-7.921982e-03
4.850000000000000e+01	-8.021555e-03
4.860000000000000e+01	-8.121132e-03
4.870000000000000e+01	-8.220714e-03
4.880000000000000e+01	-8.320299e-03
4.890000000000001e+01	-8.419887e-03
4.900000000000000e+01	-8.519480e-03
4.910000000000000e+01	-8.619077e-03
4.920000000000000e+01	-8.718676e-03
4.930000000000000e+01	-8.818279e-03
4.940000000000001e+01	-8.917886e-03
4.950000000000000e+01	-9.017495e-03
4.960000000000000e+01	-9.117109e-03
4.970000000000000e+01	-9.216725e-03
4.980000000000000e+01	-9.316345e-03
4.990000000000001e+01	-9.415966e-03
5.000000000000000e+01	-9.515592e-03
